
Round ExitCode DurationSec
----- -------- -----------
    1        0   2.2680652
    2        0   2.1056297
    3        0   1.7033212
    4        0   1.7624012
    5        0   1.8095879
    6        0   1.6437579
    7        0   1.7201486
    8        0   1.8973802
    9        0   1.7215077
   10        0   1.6567744
   11        0   1.6557746
   12        0   1.7188784
   13        0   1.6084011
   14        0   1.6562634
   15        0   1.5817653
   16        0   1.6673848
   17        0   2.0240455
   18        0   1.7958731
   19        0   1.6929784
   20        0   1.7792135



